0.000 0.950 0.956 0.951 0.947 0.951 0.958 0.965
0.950 0.000 0.731 0.501 0.695 0.491 0.908 0.930
0.956 0.731 0.000 0.757 0.723 0.765 0.930 0.942
0.951 0.501 0.757 0.000 0.708 0.439 0.914 0.925
0.947 0.695 0.723 0.708 0.000 0.711 0.904 0.919
0.951 0.491 0.765 0.439 0.711 0.000 0.913 0.929
0.958 0.908 0.930 0.914 0.904 0.913 0.000 0.903
0.965 0.930 0.942 0.925 0.919 0.929 0.903 0.000
