0.000 0.932 0.946 0.938 0.930 0.934 0.939 0.941
0.932 0.000 0.772 0.570 0.743 0.522 0.896 0.899
0.946 0.772 0.000 0.799 0.765 0.775 0.914 0.921
0.938 0.570 0.799 0.000 0.759 0.491 0.900 0.897
0.930 0.743 0.765 0.759 0.000 0.750 0.886 0.888
0.934 0.522 0.775 0.491 0.750 0.000 0.894 0.894
0.939 0.896 0.914 0.900 0.886 0.894 0.000 0.870
0.941 0.899 0.921 0.897 0.888 0.894 0.870 0.000
